       idx,   dist_ki, dist_edbt,   cost_ki, cost_edbt
         0,   1.00000,   1.00000,  14.32500, 216.50800
         1,   2.00000,   2.00000,  12.95300, 215.11800
         2,   3.16228,   3.16228,  16.74700, 366.71900
         3,   3.41421,   3.41421,  13.04400, 428.99200
         4,   3.00000,   3.00000,  12.49900, 527.47300
         5,   3.60555,   3.60555,  12.53400, 561.28300
         6,   1.41421,   1.41421,  13.30900, 344.60100
         7,   2.00000,   2.00000,  12.31900, 342.53900
         8,   3.00000,   3.00000,   1.63500, 331.97300
         9,   3.16228,   3.16228,  11.98300, 360.85800
        10,   6.00000,   6.00000,  13.07100, 368.58200
        11,   7.00000,   7.00000,  12.30900, 285.21200
        12,   6.70820,   6.70820,  12.50600, 355.07800
        13,   6.40312,   6.40312,   2.23100, 359.08000
        14,   5.83095,   5.83095,  12.50100, 295.87000
        15,   7.07107,   7.07107,  13.64000, 443.70500
        16,   5.00000,   5.00000,  11.95500, 288.65700
        17,   6.32456,   6.32456,  13.06200, 761.52300
        18,   4.00000,   4.00000,  13.41000, 560.10000
        19,   4.60555,   4.60555,  13.23400, 965.01200
        20,   7.63441,   7.63441,  14.27000, 406.89900
        21,  11.18034,  11.18034,  14.12900,1118.47300
        22,  10.89068,  10.89068,  15.29600, 721.05100
        23,  10.77033,  10.77033,  14.80900, 470.68400
        24,   7.81025,   7.81025,  13.69900, 477.98200
        25,   8.48528,   8.48528,  13.42000, 489.46500
        26,  10.81665,  10.81665,  17.00400,1997.09000
        27,  10.04988,  10.04988,  17.28600,1255.04900
        28,   9.43650,   9.43650,   5.68700,2197.92800
        29,   8.06226,   8.06226,   8.33200,1101.77700
        30,  13.45362,  13.45362,   5.89400,1479.69300
        31,  12.04159,  12.04159,   8.20100,1043.90200
        32,  12.72792,  12.72792,   6.63300,1170.44200
        33,  13.45362,  13.45362,   5.16000,1342.60600
        34,  12.04159,  12.04159,   4.63400,1257.15600
        35,  13.00000,  13.00000,   5.19400,1207.24200
        36,  14.04586,  14.04586,   5.29200,1526.61000
        37,  14.14214,  14.14214,   4.97600,2786.65900
        38,  12.16553,  12.16553,   4.79000,1110.78400
        39,  10.78007,  10.78007,   4.76700, 583.16200
        40,  17.02939,  17.02939,   6.18500,3462.73600
        41,  15.29706,  15.29706,   7.18400,2678.10900
        42,  16.40122,  16.40122,   5.93600,2920.72300
        43,  16.03122,  16.03122,   5.95700,2627.83100
        44,  17.92337,  17.92337,  16.50300,3112.13900
        45,  17.86172,  17.86172,  16.35600,2979.00900
        46,  15.35839,  15.35839,  16.45200,2533.87900
        47,  15.27447,  15.27447,  16.51800,2570.34000
        48,  18.00000,  18.00000,  19.14800,4281.01200
        49,  19.43909,  19.43909,  19.71100,4002.74800
        50,  22.47221,  22.47221,  25.75400,4506.67900
        51,  20.80865,  20.80865,  20.52600,2769.79900
        52,  21.05753,  21.05753,  19.89200,2445.42400
        53,  21.54066,  21.54066,  20.53400,4967.33600
        54,  22.50241,  22.50241,  21.07400,7212.61300
        55,  19.70299,  19.70299,   9.00100,4527.22000
        56,  19.41649,  19.41649,  14.99100,3847.08400
        57,  21.26752,  21.26752,  22.51500,3750.82300
        58,  21.60137,  21.60137,  22.69200,4085.95100
        59,  19.33820,  19.33820,   8.75600,4077.15400
        60,  24.25909,  24.25909,  14.74500,7123.80200
        61,  23.49594,  23.49594,  22.63100,8025.69600
        62,  22.85691,  22.85691,  21.87200,7470.12200
        63,  27.58623,  27.58623,  26.69800,11778.56300
        64,  23.32381,  23.32381,  21.58700,6494.94700
        65,  23.19483,  23.19483,  21.17400,5777.03400
        66,  25.00000,  25.00000,  15.18500,8647.18400
        67,  25.47214,  25.47214,  28.11000,9183.99800
        68,  23.43075,  23.43075,  24.22800,7136.15700
        69,  25.76783,  25.76783,  25.12200,9279.44900
        70,  29.69848,  29.69848,  28.07700,12760.26200
        71,  28.60070,  28.60070,  38.58700,9652.67700
        72,  27.45906,  27.45906,  27.37800,9983.88200
        73,  29.71621,  29.71621,  33.90300,11886.34100
        74,  26.40385,  26.40385,  28.26800,14962.09600
        75,  27.92592,  27.92592,  25.89500,10621.56600
        76,  29.55201,  29.55201,  29.79900,13453.08400
        77,  26.57066,  26.57066,  21.62200,8550.76400
        78,  28.07134,  28.07134,  22.80900,11177.71400
        79,  28.63622,  28.63622,  50.59800,10605.41000
        80,  35.38361,  35.38361,  45.90500,19713.50900
        81,  30.05972,  30.05972,  28.60600,11605.66300
        82,  31.57531,  31.57531,  37.39700,12602.81300
        83,  32.55764,  32.55764,  38.20600,13772.82000
        84,  32.36479,  32.36479,  33.64300,16108.40200
        85,  31.06445,  31.06445,  40.22700,15270.90800
        86,  30.53465,  30.53465,  27.41400,9123.60200
        87,  31.04835,  31.04835,  37.55800,12261.80400
        88,  31.54611,  31.54611,  24.90800,14891.51700
        89,  30.53491,  30.53491,  32.05000,10501.13400
        90,  35.84690,  35.84690,  64.20300,17903.97000
        91,  37.13838,  37.13838,  34.74900,22885.46200
        92,  37.48333,  37.48333,  55.32900,23771.45100
        93,  39.59798,  39.59798,  48.84100,25043.76600
        94,  33.73132,  33.73132,  36.01600,15550.28600
        95,  37.12142,  37.12142,  58.23100,18126.66600
        96,  37.23050,  37.23050,  47.85200,18869.90200
        97,  38.22812,  38.22812,  50.52500,20010.95300
        98,  39.03567,  39.03567,  48.49600,23112.53000
        99,  33.59258,  33.59258,  42.27000,15698.73900
       100,  38.62671,  38.62671,  49.62400,20430.91700
       101,  39.22301,  39.22301,  53.03000,27066.10900
       102,  39.00000,  39.00000,  46.35600,21841.80400
       103,  41.10961,  41.10961,  43.15300,23963.53900
       104,  37.65521,  37.65521,  39.50300,19481.88500
       105,  40.61325,  40.61325,  42.17000,23550.59000
       106,  37.16770,  37.16770,  38.99800,26397.55500
       107,  37.78489,  37.78489,  45.44100,25920.65400
       108,  41.77320,  41.77320,  42.93600,23380.30500
       109,  37.59543,  37.59543,  51.57300,20371.57200
       110,  43.27913,  43.27913,  74.29700,32471.78700
       111,  42.29657,  42.29657,  46.22600,20554.04900
       112,  42.61189,  42.61189,  55.61000,23337.36000
       113,  44.00000,  44.00000,  48.90400,25483.29900
       114,  45.27693,  45.27693,  72.25500,25367.74100
       115,  45.54119,  45.54119,  56.10500,22170.06100
       116,  44.71174,  44.71174,  57.62300,35226.12500
       117,  45.34314,  45.34314,  59.18900,21866.38100
       118,  46.01087,  46.01087,  62.61700,25143.17600
       119,  42.75512,  42.75512,  44.83100,21091.17700
       120,  46.86801,  46.86801,  53.27100,36364.04100
       121,  48.83646,  48.83646,  55.85600,32627.11100
       122,  49.51767,  49.51767,  70.70800,29558.63300
       123,  47.42362,  47.42362,  59.46900,27254.54400
       124,  50.93133,  50.93133,  68.52600,33460.89500
       125,  45.76743,  45.76743,  56.42300,28270.96500
       126,  48.83646,  48.83646,  48.82500,26531.57300
       127,  46.65727,  46.65727,  59.80000,26629.56600
       128,  45.24496,  45.24496,  61.96500,27707.64200
       129,  45.36491,  45.36491,  49.45700,26778.75200
       130,  50.23159,  50.23159,  57.45200,34413.18200
       131,  52.00872,  52.00872,  60.38600,34760.25900
       132,  52.34501,  52.34501,  63.44600,30129.52000
       133,  53.90733,  53.90733,  62.40600,35755.16800
       134,  49.23041,  49.23041,  51.30100,30976.24100
       135,  52.22432,  52.22432,  65.29200,30274.10200
       136,  50.35044,  50.35044,  51.48600,29688.96200
       137,  50.09083,  50.09083,  59.15300,31218.39900
       138,  49.28520,  49.28520,  59.19100,28127.28200
       139,  48.46648,  48.46648,  50.67300,31709.75500
       140,  53.63646,  53.63646,  77.77600,29135.08400
       141,  53.64537,  53.64537,  63.06100,28760.63700
       142,  55.40588,  55.40588,  58.98800,18639.94200
       143,  55.31727,  55.31727,  61.68000,31049.81500
       144,  54.67175,  54.67175,  76.06300,28306.51500
       145,  52.35456,  52.35456,  59.35800,28524.53300
       146,  52.35986,  52.35986,  57.98400,31773.46200
       147,  56.72742,  56.72742,  62.22000,31772.49900
       148,  55.35226,  55.35226,  60.79400,30683.51800
       149,  56.76209,  56.76209,  56.85400,28406.53200
       150,  59.47024,  59.47024,  60.17200,32246.34600
       151,  57.24230,  57.24230,  51.88300,32573.77700
       152,  58.89822,  58.89822,  64.37600,28016.37800
       153,  59.42452,  59.42452,  61.59000,32010.72200
       154,  59.54692,  59.54692,  61.24800,33788.56000
       155,  59.05125,  59.05125,  60.58900,27125.75400
       156,  59.54830,  59.54830,  58.60100,27810.07800
       157,  58.67177,  58.67177,  58.85800,35357.06700
       158,  59.39413,  59.39413, 103.83600,37144.79000
       159,  60.45306,  60.45306,  84.89200,31360.97700
Total: 160, Correct: 160
